   0    0.036000     32     32       1   4   3   2
   1    0.174000   1443   1443       3  17  11   9   8  15  16  19   6   2   5  18   4  10   1  14   7  13  20  12
   2    0.177000   1463   1463      15  20  10   9  12   3   4   7   1   5  11  13   2   8  17   6  16  19  18  14
   3    0.175000   1355   1355      15  16   3   4  19  20  18   7  12   5  17  11   1  14   9   6  10   8  13   2
   4    0.183000   1426   1426       9  13  16  11  15  17  10   7   2   1   5   8  19  12  20  14   6   3   4  18
   5    0.166000   1323   1323       3  10  12  13  19  20   4   9  17   6  16   2  15  14  11  18   7   1   8   5
   6    0.208000   1355   1355      11  20  14  13  17   6   5  16   1   7  12  10  15   9   4  19  18   8   3   2
   7    0.183000   1500   1500      10   5  13   2   9  16  15  18   1  11  19  20   3   8   6  17   7  12   4  14
   8    0.175000   1402   1402       6  12  17   2   9  16  14  18   5  19   8  13   4   7  20  11   1  15  10   3
   9    0.172000   1405   1405       4  16   8  10  12   7   2  18  20  17   1   6   3  11  19  14   9  15   5  13
  10    0.174000   1164   1164       5   7  11  16  19  12   6   1  10  13   8   2   3   4  18  14  17  20   9  15
  11    0.428000   1902   1902      18  17   3   4   5   9  12  11  15  10  20  13  19   7  14   8   6   1   2  16
  12    0.503000   2091   2091      12   9   4  15  19  20   6   3  17   1   8   7   5  11   2  10  16  14  13  18
  13    0.430000   1791   1791      19   6   1   5  15   2  13  20  16  11  10  12  14   9  17  18   3   7   4   8
  14    0.373000   1547   1547      18   6  20  13   4  12   1   9   3  10  14  16   2   7  15  17  11   5   8  19
  15    0.372000   1624   1624      16   8  17  14   4  18  20  13   2   1   6  12  15   7  19   5  10  11   9   3
  16    0.392000   1604   1604      18   8  13  19   6   7   3   9  14   4  17   2   5  10  11  16   1  12  15  20
  17    0.407000   1671   1671      19   4   7   6   3   1   5  16  20   9  18   2  12  14  13  17  15   8  11  10
  18    0.428000   1823   1823       7  10  17   4   8  19  20   5   3   6  18   9  11  16  14  15   2  13   1  12
  19    0.385000   1720   1720      12  17  14   6  11  20   8   4   2  16   1  18   7  15  19  10   5   3  13   9
  20    0.435000   1928   1928      17  16  19   5   4  13  10   8   7   2  20  18   9   1  15  14  11   3   6  12
  21    1.232000   2703   2703       5  14  16  18  10  20  15  12  11  13   2   8   6   9  17   1   7   3  19   4
  22    1.203000   2651   2651       8  11  18  19  20   4   6  15   3   1  10   7  14  16  12  13  17   5   2   9
  23    1.190000   2602   2602       4   2   7  14  16  13  18   5   1  19  15   9  10  11   3  12  20  17   6   8
  24    1.153000   2524   2524      14  13  11  12   4   2   6   1   7  19  15  20   8  18   5   9  10   3  17  16
  25    1.290000   2691   2691      18  19   9  16  20  17   2   1   3  12  10  15   5  11   7   8  13   4  14   6
  26    1.104000   2480   2480       2  13  18   1   8   6  20   5  15  17  19  12  10   7   9  16   3   4  11  14
  27    1.202000   2564   2564      14   4   6  12  10  17  15  11   5   9  19  18  16   8   1   2  20   3   7  13
  28    1.192000   2526   2526       2  15  16   1   4  20  17   7  10  14   3  19   8  11   5  18  13  12   6   9
  29    1.190000   2621   2621      19   3   7   6   2  14  15  17  11  18  10  12  20  16   9   4  13   1   8   5
  30    1.197000   2575   2575       7   3  13  14   9   6   2   8  15  19  12  17   1  18   5  10   4  11  20  16
  31    0.407000   2909   2909      10  24  31  46  17  32  50   6  39  30  18  41   2  26  34   1  11   5   8  27  29  45  28  14  25  21  22   9   4  43  15  40  47  16  49  33  13   3  42  19  48  44  38  36  23   7  37  12  20  35
  32    0.418000   3140   3140      50  49   6  42  33   5  15  10  37  29   2  14  45  20  21  19  39  40  32  22  35  46   9  13  48  24  26  25  27   1  30  41  17  44  43  12   7  11  16  28  18  47  31  34   3   8  38   4  23  36
  33    0.399000   2983   2983      22   8  27   1   2  18  49  16  15  37  41  20  23  29  19   3  33   4  45  24   5  40   9  47  38  13  32  43  50  10  42  48  46  44  28  17  35   7  11  25  34  30  31   6  21  26  12  36  39  14
  34    0.402000   2958   2958      42  22   2   7   9  26  46  27  25  14  50   3   4  36  47  24  20  11   5  10  48   8  29  17   1  45  41  32  19  13  35  21  33  38  16  39  49  37  12  23  34  18  40  44  31   6  28  15  43  30
  35    0.426000   3038   3038      46  44  48  32   7  20  28  30  41  21  19  34  29  39  36  38  12   4  40  31   1  14  23   5  16   8  35   2  47  11  22  43  15  37  25  13  26  18   6  49  17  10  24  33  45   3  27  50   9  42
  36    0.401000   3031   3031      21   4  11   1   5  47  22  24  25  40  39  29  28  41   9  32  44  10   6  30   3  35  38  23  13  17  45   7  15  18  49   2  37  19  20  50   8  36  34  43  46  48  16  26  14  42  27  33  12  31
  37    0.408000   2978   2978      40  22  19  21  13  37  43  20  25   5  18  45  30  42  49   1  39   9  14  15  10  12  46   6  32  35  33  31  29  11  48  17   3  44   2  50  24  41  23   4   8  38   7  16  34  47  36  26  28  27
  38    0.388000   2867   2867      34  10  35   7  47   8  25   5  14   1  17  20   9  31  43  18  19   6  46  39  28  44  29  45  16  24  12  37   3  48  26  33  11  27  49  50  41  30  36  15  32  42  38   2  21  13  22   4  23  40
  39    0.390000   2796   2796      13   1  46  10  24   9  44   7   3  34  15  40  47  49  41  26  38  33  25  19  30  23  48   5  36   2  22  20  32  35  21  42  37   6  39  27  11  43  45  31  16  18  12  50   8  28  29   4  17  14
  40    0.410000   3020   3020       6  50  33   1  44  27  12  34   8   2  31  30  35  48  39  11  42  49  24  28  16  10  41  15   4   5  14  38  47  17  46  37  40  26   7   3  13  18   9  19  36  43  45  21  20  29  23  22  32  25
  41    0.867000   3647   3647      33  42  44  24   2  20  18  25  37  31   1  30  26  14  49  43  36  10  38   6  29  47  46   3   4  13  17  15  40   9  23  11   5  28  16  12   8  34  45  21  32  41  35  19  22   7  50  48  39  27
  42    0.814000   3306   3306      35  28  42  50  12   3  49  11  33  44  25  38  37  23  14  47  31  18  39   6  32  20  19  16   8   4  36  21  13  34  27  15   2  41   9  26  43   5  40  10  29  45   7  17  24  46  22  30   1  48
  43    0.857000   3464   3464      24   4  16  49  19  11  28  12  46  10  45  32   9  31  25   3   5  50   7  40  47  43  44  38  42  13  20  33  29  34  48  41  17   1  35  30   2   6  18  26  21  14  23  37  39  36  15  27  22   8
  44    0.854000   3565   3565      20   5  37  22  10   8  13  18  31   2  23  33  29  17  39  34  45   6  28  16  11  24  40   1  49  14  41  26  35  47  15  43  12   4  21  38  25  32  36  30  19  48  46  44  42   3   7   9  27  50
  45    0.832000   3402   3402      10  25   6  42  33  34   1  48  31   9  46   2  36  39  45  11  14  40  35   7  15   3  16  49   5   4  17  38  47  24  41  13  28  26  37  18   8  43  27  22  29  19  12  20  30  21  44  23  32  50
  46    0.881000   3456   3456       3   5  11  40  42  24  28  15  38  26  39  33  34  25  10  17  29  14   9  18  30   6   1   2  36  48  46  13  22  50   8  43  20   4  47  27  49  16  32  37  35  21  19  31  44   7  45  41  12  23
  47    0.872000   3559   3559       6  41  48  32  33  37  49  27  17  34  20   2  10   1  28   7  43   9   8  11  16  19   5  14  47  35  50  24   3  44  15  30  42  29  45  25  12  31  46   4  39  21  40  22  23  36  13  26  18  38
  48    0.873000   3581   3581      21   1  41  19  44  35  29  11  12  20  26  14   6  47   5  22   9  24  37  33  18  50  10   2  42  16  46   3  45  49   8   7  38  23   4  30  36  15  25  43  32  31  17  40  48  34  39  13  28  27
  49    0.865000   3485   3485      44  30   1   5  40  22  48  16   6  27  18  21  46  23  12   8   4   3  11  17  39  41  34   2  36  37  35  24  20  32  42  28  14   9  19  47  31  45  50  10  13  26  38   7  15  43  49  29  33  25
  50    0.864000   3601   3601      49   8   9  41  27  34  39   4  44  42  23  48   6  28  47  24  17  22  26  16  11   7   1  20   3  32  25  35  31  18   5  46  43  13  29  36  30  50  40  38   2  33  37  15  45  12  21  14  10  19
  51    2.252000   4725   4725      20  27  43   8   2  15  45  11  39   5  31  44  14  41  34  33  49  17  50  21  35   6  38  46  10  47  42   1  23  16   7  25  18  48   4  22  26  32  29  19  24  30   3   9  28  36  12  37  13  40
  52    2.195000   4394   4394      32  49  34  20  43  40  45  42  11   6  41  16  47   1  23  29  14  18  26   4  15  24   5  37   2  28  12  13  21  50  44  48  36  35  17  10   3  25   9  27  30  39  38   7  22  46  31  33  19   8
  53    2.041000   4340   4340      49   8  27  24  12  16  15  39  22  37  36  19  28  46  11  10  25  45  31   3  26  18  32   5  17  35   9  48  20  42  43  50  33  29  34  40  30   2  44  41   7   6  47  38   1  14  23   4  13  21
  54    2.244000   4486   4486       1  19  14  23   5  30   4  20  13  45  44  48  24  11  37  39   3  21  43  35  16  49  17  31  29  33   6  22  10  12  46  18  26  15   9   2  50  32   7  28  42  41  40  27  25   8  34  38  47  36
  55    2.165000   4439   4439      40   4  28  23  25  48  47   7  45   2  32  19  43  26  24  49  20  16  36  17  33  21  30  44  34  39  41  22   3  18   8  38  14  10  50   6  12  27  15   1  13  42  46   9  29  37  31   5  35  11
  56    2.096000   4226   4226      14   6   5  49  18  33  21  37   4   8  42  50   1  46  20  16  45  43  30  28  10  40  25  36  32  11  48  39  23  15  13  41   7  44  31  17  24  27  19  35   2  22  26  29  34   9  47   3  38  12
  57    2.170000   4471   4471       4  21  39  12  23  33  15  11  45  47  10  17   9  38   1  46  31   8   2  34  20  29  14  19  28  49   3  50  22  24  36   7  48  41  32  27  37   6  13  25  44   5  30  18  40  35  42  43  16  26
  58    2.163000   4340   4340      32  33  26   7  38   4   8  30  27   9  45  36  48  29  15  21  35  41  16  17  24  49  20   5  18  40  10  46   3  25  11  13  19  28  37   1  12  14   6   2  43  47  31  44  42  34  22  50  39  23
  59    2.739000   4282   4282      43  37  27  14   1  50  30  46  32  21  28  41  22  24   8  18  34  26   2  17  49  33  13  19  42  16  40  36  10  48  38   6  12   7  23   5  47  25  11   4   9  45   3  31  39  20  29  35  15  44
  60    2.201000   4545   4545      11  12  38  18   3  14   8  10   1  32  22  49  40  16  23  19   7  37  36  50  29  31   9  44  27  47  13  17  21  25  46   5  24  42  26  45   2  28  43   6  15  20  34  48  35  33   4  39  30  41
  61    0.871000   5839   5839      10  71  19  60  20  40  93  74  58  24  42  65  50  39  85  96  99  12  31  80  64  90  72  33  87  27  49  32  17  16  86  11  62  76   8  75  94  45   9  25  38  95   2  34  67  41  15  22  81  70 100  52  43  73  78  37  13  44  91  63  51  14   6  98  57  28  48  69  18  36  97  89  53  82  26   4   5   3  21  59  29  23  35  92  46  54  30  66   7  79  56  83  88  77   1  84  47  61  68  55
  62    0.885000   5628   5628      46  88  54  40  67  86   7  29   8  20  66   5  45  34  92  31  94  59  12  75   3  80  58  98  90  23  97  78   1  28  14  24 100  27   6  37  63  50  48  71  22  95  64  35  11  21  85  18  41  36  74  30  87  84  49   4   2  44  62  55  91  38  96  51  13  72  32  57  82  61  89  25  81  70  19  56   9  93  73  68  42  39  47  52  60  43  99  26  76  17  16  15  77  33  83  10  53  65  79  69
  63    0.849000   5493   5493      30  23  14  68  94  13  89  32  12  10  43  59  41  77   6  97  92  82  25  44  54  40  70  62  18 100  16  45  53  95  57  99  91  19  81  22   9  80  93  73  98  46  75  37  74  29  78  47  15  63  84   3  66  24  87   4  72  33  27  79  20  69  76   8  49  21  83  35   7  56  86  71  52  26  67  50  90  61  85  31  58  17   5   1  34  36  42  48  65  51  96  64  28  11   2  60  88  38  39  55
  64    0.890000   5355   5355      96  67  51  82  20  55  45  83  18  79  49  78  59   7  92  32  70  26  28  81  69  23  94  98  44   2  71  75   6  47  99  72  39  86  12  90  74  97  19  36  87  15  48  41  29  53  24  68  34  30 100   8  25  27  11   5   3  10  13  64  54  40   4  33  60  63  58  22  62   1  91  31  84  35  14  77   9  95  73  56  88  43  76  57  46  89  17  37  50  52  61  80  21  66  93  38  85  16  42  65
  65    0.898000   5478   5478      51  72  74  10   2  41  68  47  11  21  78  57  16  94  86  12  55  67  82  92  99  93  70  52  15  48  60  84  64  38  88  20  59   7 100  54  14  69   3  65   9  89  80  45  42  31  71  40  26  35  32  34  19  96  43   6  62  27  23  49  30  53  13  85  46  36  37  29  66  75  25  90   4  73   5  81  97  39  56  22  95  44  91  58  61  17   8  33  28  50  77  76  18  24  98  87  83  63  79   1
  66    0.845000   5341   5341      61  83  95  73  47  88  49   3  72  70  21  20   8  56   6  37  33  85  34  97  31  40  82  96  93  74  59  80  98   5   9  99  24  22  15  14  76  81  50  19  28   7  17  75  13  11  35  63  62  43  60  84  41  30  89  66  48  10  64  52  25  55  16  68  45  23  18  78 100  87  79  38  94  65  27  42  71  32  12  69   2  44  58  86  39  53  67  91  77  46  57  26  92   1  51  54  36  90  29   4
  67    0.866000   5634   5634      19  35  79  13  50  98   6  62  80  29  12  75 100  45  46  77  27  89  86  85  92  66  20  71   3  91  41  96  18  30  11  36   8  10  57  42  78  95  87  37  93  56  90  26  74  94  52  83  65  23  25  34  84  39  88  51  63  60  33  59  17  68  43  31  73   9  53  44  21  54  47  58  32  81  97  76  67  64  49  70  48  69  15  24  72  82  22   4  38  61  40   1  14  99  16   7   2   5  55  28
  68    0.851000   5387   5387      42  12  83  97  98  29  26  91  80  56   2  21  87  74  86  30  76   1  55  79  67  47  17  96  49  69  32  62  44  52  46  54  57  23  70  59  85  68  51  73  88  48  92  58  84  60  18  31  93  43  71  20  11  77  10  38   4  81  39  63  94  24  78  13  37  99  89   7   3  16  61  28  50  19  72  27  34  75   8  33  65  66   9   5  22  45  41  35 100  64  82  14  25   6  15  53  90  40  36  95
  69    0.880000   5782   5782      70  57   9   6  21  95  19  63  16  84  51  96  83  29   4  35  59  44   1  75  73  80  28   2   5  34  50  54  32  99  33  23  39  98  93  81  92  67  38  20  42  85  71  12  31  86  22  74  37   7  25  88  64  41  77  30  14  76  91  89   3  94  62  26  78  13  87  27  15  46  53  52  55  45  79  66  11  65  82  36  68  43  18  56  97  61 100  58  69  90  48  40  49  60  10  17   8  24  72  47
  70    0.882000   5745   5745      29  20  83  70  50  55  74  24  31  94  92  90  15  69  32  42  64  19  44  58  41  72  71  93  84  40  48  43  17  73  63  56  22  95  82  59  14   6  39  77  30   3  78  86  52  21  89  96  34  36  66  45  33  99   5  79  60  25   8  61  49  87  16  88  76  23  57  28  53  11  97  80   1  51   9  67  85  91  10  81  75  13  54  12  35  98  18  46   4  38  68  37 100   7  26  62  27  47   2  65
  71    1.576000   6255   6255      70  44  58  61   5  21  64  93  27  52  15  77  20  39  43  31  96  87   2  91  60  35  65  17  84  95  50  83  89  62  33  34  49  81  24   8  38  41  42   6  67  79  88  80  55  57  97  92   1  22  66  23  76   4  68  25  85  10  32  14  75  48   9  11  19  73  46  98  56  47  90  18  86  71  16   3  51  54   7  99 100  94  53  28  69  29  74  78  82  63  26  13  45  30  36  59  72  37  12  40
  72    1.592000   6101   6101      69  49  46  87  65  72  12   8  64  80  98  66  95  89  77  27  18  86  54  75  36   3  61  55  16  26  58  78  39  32  74  81  62   6  10  60  57  83  17  35  22  37   1  67  59  82  52  45  29  96  48  93  41 100  70   5  90  42  92  20  53  30  34  25  94  19   9  84  31  85  50  14  97  88  33  76  40  44  15  47  71  73  13  11  43  38  28  56  23  79  68  91  63   4   7   2  51  24  21  99
  73    1.585000   6111   6111      96  45  58  42  64  56  34  74  72  22  92  25  53  27  54  51  49  84  97  66  23  77  44  93  62   7  89  30  59  13  98   2  78  50  10  85 100  19  68   8  31  33  43  71  47  79  60   1   3  11  69  37  67  52  86  75  95  40  36  76  90  26  88  48  20  32   9  35  14  70  41  38  73  65  15  80  28   4  87  83   5  24  46  16  61  17  99  91  63  29  82  12  81  18   6  21  94  57  39  55
  74    1.638000   6627   6627      32  90   5   2  39  56   7  53  92  76  93  52  40  19  33  14  47  60  58  96  80  28  78  86  35  59  15  49  42  17  84  21  89  75  31  99  41  25  43  18  67  20  48  71  44  54  88  66  91   4  45  73  57  51  34  87 100  82  27  70   1  36  16  13  69  11   8   9  74   3  10  63  22  72  38  37  30  23  29  83  65   6  94  98  26  79  55  81  12  64  50  97  77  61  62  68  95  46  24  85
  75    1.671000   6221   6221      83  79  75  65  33  95  80  97  36  99   9  63  76  90  10  56  19  30  44   7  38   1   5  88  21  57  87  62  70  42  14  45  77  58  94  39  81  72  74  85   4  23  34  73  60  27  68  89  61  96  54  41  69  12   6  35  92  71  16  40  15  17  49  37  59   8  18  84   2  67  29  28  25  13  43  93  48  32  24  86  64  55  51  47  91  66  82  11  20  98  53   3  31  22  78  26 100  50  46  52
  76    1.494000   5752   5752      19  20   9  86  53  47   6  46  57  78  97  96   4  68  70   5  67  22  76  90  64  52  54  41  14  36  49  85  25   8  66  58  72  99  35  84  15   2  71  30  48  10  88  31  55  21  80  93  69   1  62  73  27  89  17  61  51  50  91  81  94  29  11  60  37 100  63  23  98  13  12  74  56  87  16  39  42  83  32  82  95  43  59  18  77  34  40  75   7   3  92  79  33  38  24  26  65  44  45  28
  77    1.673000   6293   6293      56  99  67  13   1  35  55  27  64  39  33  21  68  86  24   4   8  25   5  79  37  18  83  15  50  70  96  42  43  92  40  58  16 100  66  30  46  95  20  78  51  36  82  60  93  75  26  10  98  57  61  90  23  31  80  63  28  45  71  17  11  72  49  89  41   2  97  44  91  19  48  87  94  34  74  62  32   3   9  85  73  77  69  54  52  29  59  84  22   6  65  81   7  38  14  88  53  47  76  12
  78    1.630000   6323   6323      48  31  70  63  76  73  14  15  94  12  10  23  67  19  13  80   3  99  34  50  22  30  97  72   5  56  90   9   6  93  65  54  45  92  38  77  78  37  27  74  69  87  36  35  25  52  21  18  32  43  26  16  62   4  49  60  42  82   8  51   2  95  24  75  58  57  88   1  83  44  64   7  91  71  28  89  29  86  98  68  33  85  55 100  61  46  81  66  39  40  20  84  47  17  53  41  59  11  79  96
  79    1.638000   6407   6407      91  92  54  95  87  37  73  46  40  79  75  21  10  15   1  67  23  24  38  12  80  31  94  77  57  86  84   5  53   2  29  49   6  68  42  65  44 100  17  41  66  52  20  27  30  78  22  47  88  82  16  32  39  28  13  35  50  69   8  71  93  63  14  89   7  45  58  61  51  81  56  70  72   4  83  55  97  26  59  96  36  48  62  25  34  11  33  76  19  99  60  43  98   3  85  18  90  64   9  74
  80    1.668000   6489   6489      71  63  99  89  52  30  75  97  68  14  66  92  22  87  50 100  17  21  88   2  49  28  78  16  76  56  36  46  95   7  40  58  20  11  83   1  18  35  80  45  37  25  86  60  41  33  96  98  59  65  51  43  39  12  93  90  23  67  26  44   3  61  13  31   4  53  79  38   5  42  47  74  85  70  94  91  15  55  10   8  32  72  69   6  64  54  81  19   9  29  82  77  48  24  62  27  57  73  84  34
  81    3.697000   7461   7461       8  25  82  11  65  89  47  59  74  78  54  40  92  22  84   9  60  32  90  76  62   4  44  77  80  31  79  83  24  30  81  85   2  18  99   3  93  33  39  53  56  28  35  16  17   6  48  91 100  96  10  29  67  21  26  70  27  63  45  61  52  87  55  68  57  15  66  23  49  95  46  12   5  42  88  37   7  20  58  19  41  71  86  72  43  75  51  94  34  64  36  14  50  38  73  97  13  98   1  69
  82    3.482000   7323   7323      95  69  59  50  14  49  66  43 100  76   5  97  79  75  98  82  47  46  35  65  36  87  15  10  68  26  90  31  13  91  89  19  48   9  80  52  32  84  53  62  70   3   2  33  60  30   1  37  71   8   7  11  85  67  86  93  78  17  77  44  22  40  72  18  88  28  20  27  63  41  54  73  51  38  34  23   4  24  16  81  83  64  99  61   6  92  56  96  55  25  29  21  58  74  45  42  57  12  94  39
  83    3.718000   7327   7327      90  83  11  42  51  37  10  95  75  74  56  96  23  82  80  41  97   2  54  48  61  63  87  40  20  94  24  76  31  85  78  86   9  70  44  22   4  66   8  88  43  81  46  29  39   5  47  84  77  98  17  25  13  36  57  35  72   6  50  33  26  58   7  16  89  68  53   3   1  67  93  32  69  34  12  73  59  52  30  60  27  99  18  55  91  28  62  15  49  21  64  19  14  45  79  92 100  71  38  65
  84    3.717000   7320   7320       5  36  92  60  65  69  89  25  57  44  26  67  51  23  49  18  84  82  88  29  63  45   1  12  96  98  64  91  52  17  41  56  38  59  20  94  58   8  50  74  86  28  46  85  76  70  32  16  55  71  13  54  95  47  22  99  19  31  42  87  15  78  79  66  68   4  43  61  81  10 100  72  11  35  77  30  93  37  83  34  21  62  24   7  75   9  48  97  14  39   6  73   2  53  90  27  33   3  40  80
  85    3.699000   7274   7274      51  98  49  33  12  36  10  91  64  32  62  15  97  75  72  39  71  76  83  87  16  61  54  94   2  58  52   8  50  73  28  11  21  60  85  74  96   3  17  80  90  84 100  26  69  70  41  45  65  66  40  57   1  82  88  46  92  29  53  35   4   6  31  42  89  56  14  24  81  99  37  95  48   7  34  27  23  20  93  79  38  59  19  30  63   9   5  77  13  43  22  86  68  47  67  55  18  44  78  25
  86    3.786000   7515   7515      72  83  31 100  23  12  56  45  39  92  89   2  82  37   7   1  59  73  33  86  58  80  19  69  78  27  28  94   5  21  25  84  88  34  20  66  48  52  97   8  98  14   3  57  99  64  40  95  10  81  74  17  70  49  16  75   9   6  61  26  22  68  65  36  67  50  11  91  55  85  71  51  41  47  62  46  76  60  93  54  77  79  63  87  29  53  38  30   4  43  13  44  15  96  18  42  32  24  35  90
  87    3.706000   7502   7502      95  88  85  80  25  27  41  94  96  64  62  51  33  19  93  60  28  49  59  15  43  23  13  30  26  84  72  77   2  14  82 100  98  39  70  21  29  73  67   7  34  36  40  16  54  11  90  55  31  48   6  97   8  89  42  61  12  47  58  63  45  17  46  74   9  99  87  32  53  79  24  10  91   4  20   5  52  18  69  71  37  92  44  57   1  68  66  35  56  38   3  78  65  22  83  50  86  76  75  81
  88    3.979000   7761   7761      70  22  16   5  87  59  71   4  72  96   3  90  24  73  31   8  12  18   2  15   1   9  69  30  63  56  62  98  60  88  68  25  74  29  52  27  51  58  11  35  45  84  67   7  37  81  14  83  57  36  44  80  93  85  65  75  91  89  78  95  76  53  61  64  38  23  40  66  94  33  10  41  54  77  19  17  42  50  86  82  39  48  49  28  46  43  20  32  47 100   6  55  97  26  99  79  34  13  21  92
  89    3.815000   7473   7473      75  90  44  47  95  71  80  22  58  38  60  16  34  43   2  89  46  74  51  54  41  17  15  84  10  78  77  96  50  81   4  26  83  27  70  94  62  82  20  93  65  33  59  12  14  86  39  25  69  32  73  30  18  97  79  31   8 100  61  11  23  87  57  21  53  99  85  56  67  48   6  28  29  72  68  92  13  76   1  63  40  36  88   9   5  64  42  37  45   3  24  19  55   7  52  98  91  49  35  66
  90    3.967000   7603   7603      11  83  48  90  73  17   1  38  46  77  28  52  44  54  23  64  96  65  24  47  21  70  62  16  34  51  30  27  72   6  12  22  40  56  60  68  10  19  99   3  92  84  26  25  87  98  69  37   5  86   9   4  50  13  33  95  14  61  74  49  36  29  97   7  88  79  32  78   2  35  71  94  76  15  31  81  43  82  42  67  18 100  20  63  75  80  59  41  57  39  45  89  58  55   8  91  53  66  85  93
  91    3.425000  11625  11625      73 156  57  29  94 124   1  28  87 160  33 110 161 146 100  85 155  71 127  90 190 152  30 191 172  25  43 173  81   6 138 198  37 183  74 182 176 195  69 142 107 140  36 171 175  76 117 151  42 149  41 150  83 169 134 189 120  53  66 104 132  22  80  16 163  48  14  38  96 181 106  97 164  70  13 200 105  18 179 187 196 116 154  89 174 115 166  20 131 108  11 112  56 119 153 185 128  62   7 121   5  32 144 143  12  40  10  44 102  54 122 192   4   8  19 101 177  84  92  63 194  24  59 193   2 145  64  79  68   9  46 114  27 162  75  21  35  88  58  86  72  26  17 184 135  31  67 126 118 141  47  60 170  51 103  45 137 109 147  77 111 186 165 129 123  98 157 158 125 199 113  91  50  23 136  55 139  95  82   3 167  52  65 197  49  93 130  99 159 188  15 180  34 168  78 133 148  39  61 178
  92    3.400000  11608  11608     104  27 133  31 166  20 114 150  57 158  22  42 161 112 170 181  25 137  97 130  88  68 155  93   5  13  84   2 140  65 100 128 143  19 174 184 139  62 117 165   9   1  98 148  69 182  92 164 192 144  29 141 145 118  52 157  70 135  58 108 119 156 146  21  11 178  48  50 200  74  34  32 191  17 125 110  87  36  16 134  59 194  81  39  91 106 138 149 189 152 129  83 113  28  71 131 163 132 171 179 173  35 102 185 197   4  80 154 193 151  72 176 169 153  43  95 120 160 159   3 162  85   6 168  89  51  12  41  66  90  99  76  30 198 195  46  38  54  24  49  78 147  82 167  60  18   7 121  26 123 122  56 103 180 124  53  40  67 175 172 116 199 190  75  94  37 136  14 111  63 107 101  77  15 105  86  45  79 142 109  33 188  23  61  73 186 115 177  64 187 183  44  55 127  96  47 126 196   8  10
  93    3.422000  11817  11817     125   4  83 166  97  52 157 133  95 151 187  91 119  39  99   8  13 180  62  15  44  86 100  25 140  20 134  51   1  66 115 153 146  82  68 102 147 177 128  43 183 148  27  88  31  46 150  60 141  73 124 192  21 174 131  14  34  96   7 104  74  85  70  29 199 181  10  64 123  37  53  16  77 164  87 188 111  47 182 162 112  23  12  38 143 117 132  56  54   6 130 114  63  55 197 109 165 158 122 169 144 167 105 107  65 127  79  11  40  71 156  30 137 193 152 171  80  17  45 106 145  67  48 196 161 120   5 149  75 172 118  76 168 185  26 136 179 170  42 113 163 194  58  90  59  41  35  22   3  81 139 142  28 155 110 184 138 200 175 103 116  78  57   9 191  50 121 186 195 176  94 129  93 189  19 190 154  49  72  69  61 108 178 160  89 159 135 101   2  92  24 126  18  84  36  33 198  32 173  98
  94    3.318000  11455  11455       7 160 196  14  90 153 168 191  56  44 136  11 187 192  76 107 189  43 120 194 102  25  55 188  62  24  59  10 173  26 195 130 159 190 170  15 138 165  69 142 106 137 125 128  23 119  36 197  37  75 126 151   5  74  82 200 108  78 198  83   3  29 179  28  68 121 182  48  19  95 174  72  73 186 157  65 113  45 181 112  79  85  40  77 127 154 110  89 169  60 148  49 141 129 109 114 172 152  46 175 167   1  84   6  93  52  16  63  31  34 100 171 123  94 122 140  57  22 101 156  54  21 164 184  53  66 162 166 176  20 185 118  35 135   9  39  42  27 117 143  70  97  30 183 163 104  58  47  61 116  98 193 150  96 115 155 146 177 178  51  32 132 180   2 161 124 103 139 149  71  86  92  91  87 111  41  12  80  88  67   8  50 145 144 133  33  38   4 105  81 134 199  64 147  18  17  99 131 158  13
  95    3.339000  11423  11423     198  51 192  99 188 193 178  74 111  72  32 154 130  11  29  54 172  76 164  67 106  60   8  45  73 185 200  17  96  12   3  55 157  46 123 138   4  21 114  98  95 127 161  79  20  43  80   2   7  61 180 182  40  25 135 163 151  18 148 143 150 152  71 187 136  37 112 110  42 121 196 171  59 153  83  50  28  36 102 115   5  44 113 156 119 137  10 190 170 199  23  62 142  34  19 129  88   9  53 162  47 133  75 134  39  27 104 177 197 141  77   1  41 145 116  87 100  85  78  66  24 158 107  49  82 167  48  56 169  15 179  97 122 147  68 183 109  16 175 120  38 126 160 166  26  81 155 176 173  65  13  52 140  69 103 118 168   6 139  33  93 108  84 132 181 194  92 191  57 144  35  31  70 159  14 165 125  63 117 195 105 184  91 128  94  64  89 149  58 101 189 146  22 124 186 131  86 174  30  90
  96    3.338000  11271  11271     100   9  85  34  47 164  29 102 126 183  52  36  55  26 131  69 145 198 132 130  23  92 181  99  71  95  25  91 190 197  18  98  57 170 112 115 184  93 176  39  67  78 139 104 172 153  76  21  70 152 159  49 162 110  80 182 156  22 136 137 129 165   8 127  14 146 125 193 120   3  17  65  41 155 150 149   7 151  46   1  82 169 189 200  59   2  64  66 116 105 175  75 191 119 171   5 113  86 188 194  31  24  96  19  56  27  33 117   4 144 123 196  81 121  45  97 140  35 186 185 163  38 154  48 177  15 128 161  32  54  84 124  74  90  58 148 141 199  83 180  62 101 142 192 108 122 111 166 107 179   6  63  20 173  79  42 157  94  43  16 106  44 187 103  60  11  12 118 133 138 174  30  73  88 167 114  61  50  10  87 168  28  72  89 135  53 143 109  13 158 178 134 160  77 195  68  51  37  40 147
  97    3.352000  11675  11675     198 147  62  15 165 187  80  11  63 161 101  36  88  60 119 114 111 141 173 151  50 123 117 182  40 159 158   6 132  61  27  10  86  94   3  90  18  45 169 170  46 131  75 112  52  31 113  38  76 155  85  70 200 140 154  30 116 167 106   2 197 192 105 130  51  53  99 127 186   4 102 122 190  12 199  16 152  89 153 178  65  79  24 120 150  48 142 134 183 129  32 176   1 125 137  67   7  84  54  69 174 146 189 166  74 188 118 172  82  55  64 124  21  59  81 128 103 164 171  72 157  43   8  68 193 138  87 133 136 144  96  37   5 185  44 110 175  66  29  14  49 156  28  91 108  58 180 162 160  95  33 181 121  20 184  34  92  78 100  77 104 109 148  19  83  42 139  39 107 149  13 163   9 168 179  93  23 115 191  57 194 196 145 143  22  17 177 195  47  56  26  98  41  71 126  73  35  97  25 135
  98    3.304000  11460  11460     112  65 154  58  82 168 131 184  19  33  10 180 137  38 179  23   9  76  43  72   2  34  75 190 166   7 150 118  73 163 170 125  16 197 128  64  50  47 101  70 106  66  93  28 151  51   6  49  21  29 167  57  25  91 165 100 186  60 146 121 141 174  12  40 160 195  55 138 135  80 103  99  61 159 116  95 110  54  35 199  31  59 147  77 107 124  63 187  81  71  27 126   5 164  15 172 136 123 142  42  41  78 158 104 140 157 127 113 115  52   3 117 130  86  36  69 133 139 198  32  17  14 162  39 177  20  88  22 161 194 175  79 122 145 129 149 178  98  94  13 155  97  37 144 200 132 169 102 189 173  89 196  44  83 191  53  56  26  48 134  18  62  24  67   8  92 143  46   4 120 171  45 183 156 119 192 109  30 193  90  11  68 181  96  85  74 185 182 105 148 111  87 176 188   1 114 152  84 108 153
  99    3.356000  11725  11725      97   3 199  62 165 124 141 178  12  39  26 149 187 127 138 110  19  22 163 180  92  36  11 184 158  55 136 181  30 191  34 175  94 195  58  16 186 121 168 171  68  86 189  80 142  41 146 145 148 179 133  10  37 154 159 111  66  77  54  29 122  52  70  69  60  23   5 129 162 104 164 172 134 160 117  61 167  48  59  72  84  32 123  81 183 109 173 103  63  50  90 130 131 190 108  47 114 120 153   1  14 139  38  75   7  27   2 166  87  82  89 147  33  99  43 182  51 102 140 143 197   6  45  31 152 101 150 115  13 193 161 185 135 194 198 113  64  67 200 196  95   9  21 137  25 100   4 112  17  56  88  24  53  73  35 118  49  57 169  93  15 105 176 192  83  85 119   8  76 126  91 151  28  46  79 132 116 125 177  71 174 156  20  98 188  44  96  18 157  65 107  78 106  74 128 144 170  42  40 155
 100    3.399000  11516  11516     149  65 152 148 138 177  85  12 197 179  87 111 105  60 193  46  58 127 117   9  24 174 132 130 121 165  83  10 158 171  53 109  43  69  74 175  81  19  50 106 195  66  75 110  47 116 122   1  55 145  11  57 170   3  18 169 161 181 185 166 190 180  33  40   4  38  29  82 151   8  95  68  32  16 141 115 150  96  93 187 133  90 178  70 163 107 146 200  20 128 162  34  21  35 134   6 102  42 173 100  92  49 113  15  84  26 118 137 183 114  72  61  17  78  13 159  56 160  44  36 144  59  91  67  45  48 129 189  22  77 120  30 124  98 191  79 154 156 192  23 136  99  25  54 112 142  37  41   7  31 199 131 186 101   2  51  86  94   5 164 119  28 196  62  27 155 125  97 147 176 188 135 182  63 198  71  80  88 168 153 157 143 194  39 108 123 167  64  89  14  76 103  52 172 184 140  73 139 104 126
 101    6.671000  12626  12626      76 151  83 109 152  93  19 137 198 200 126  79 178 166  33 125  91 163 182 162 120  94 195  99 170 144  46  42 133  36  66   7  77  88 111 138 155  62 150 117  43  89 131   9  14   5  50  49  26 188 165  12 185 175 105 123  57 106 160  67 121  40  17 119 136   6  63   8 103  80  69  28  47 146 101  81  59  24 177  13 113 158  52 187 147 122  39 100  85 172  68 143 132 168 135  31 148 173  34  72  35 189 129 157  70 161  98 127 184 139  18  84  54 149  16 156  37   1 134  15   4 116 186  53 153   3 169  25  51 197  58  27  71 124  22 130 104   2 171 181 164  32  30  73 108 110 102 159  96  48  38 142  61  44 141  55 194  10 115 107 176 154  86 118  29  45 167  75  78 196 191 174 112  74 179 180 140  97  41  23  56  20  90  60 193  21 190  92 145 192  82 114 199  65  64 183  87 128  11  95
 102    6.833000  12915  12915     168  56  43  60 132  91 136 160  52  25  53 151  78 144  74 119 197 118  11  97  86 184  31  13  32  26 163 103  19  64  69   4  77 155  50  94 159  47 101  24  96 146  29 179   9  54  22  58  93  35  45 162 124 169  20 172 171 150 156  70 111 186 167 181 170  75  81  15  30 126 176  17 198 138 174  38 100   8  42 113   6 178 107  55  28 122 187  66 185 195 116 108 104  71 188  14  99 193 158  16  51 183  23 121  72 137 148 142  41  79  40 199  59 147 161 110 134  46 109  10   1  95  76  39  82 175  88 154  61 177  27 192 141 128 115  68  84 196  49 139 131  12  92   2 120  33  34 190 112 157 135  62 127 200  98 123 173  83 189  90  65  63 130 105 117 191  18 194 143  85  87  73 114 182 165   5   7  37 166 149 102 129  21 153 125 106  48 145  67  89  80 164 152   3 140  57 180  36  44 133
 103    6.555000  12829  12829     137  44  36 179  30 127  59 180 177  52 111 189 187 178 124  49  29 107  26 186 108  20 156  28 161 126 105 113  79 168  90  91  96  82 167 183 121 133 195  57 158  64  11 123 184  86 176 192  63  71  93 155  61 149 160 134  70 106  19 119  78  73  47 196 198 117  13  31  23 152   5 163 129  66  45 136 175 140 191 118 130 122  37  77  39 151 154  84 102 190  24 148  41 169 174  98 104   3 150  56  74  92 164  99 115  38  75 138  60  18  25 172  80 153  32   2 197  68  10  17  94  83  69 166  76 181 112  33  21 157 141   1  65 165  12  43  81   7  85 188 170  51 101  16  67 162  54 193 135  55  50 182   8 185 171 200  72  58 116 139 146  27  34  46 114 145  62 110 147 194 131 100 109 132 128  89  87   6  15  42 125  40  48 199  22 173 159  53 144  14   4 143  95   9 120 103  88 142  97  35
 104    6.484000  13038  13038      43  66 111 177 137 138  20  16   4   8   3  26  12  88  49 105  84  78 123 165  21 166 199 115  19   7  47  62 180  18  40 126  55 183 114 101 153 175 120 141  14 185  77 154 112 139  48 191  24  85 145  82 194  41  44 122  38 130  42  64 179 104  68 189 196  97  96 128  56  54 132 143  83 162  27   2 164  10  70 174  17  11  35  22 118 184 131 171 108  31  74  51  72  13 107  95  58 119  32  86 192 181 144 116   5 121 193 102 187  46  89  79 117 106  59   9  53  25  80  63  92  75 200  50 186 135 198 158 150 134  69 100 172  91 163 157 161 169  37 170 159 155 140 142  36  76 151 127  93 147 195 173 149  45  52  67 178 146 103  57 182  87  60 113 190 197 136  90 152 167 176 110 109  71 129   6  30 124  81 125 168  39  98   1  33 160  23  99 156  65  34  28  15  61  29  94 188  73 133 148
 105    6.642000  12821  12821     162  31  27  26  86  83 100  98 171 173 134 103 107  95 193 128  70  11 185 158   6   5  68 163 168  21  45  99 141  97 150 110 105 142  29  55  94 176 199  30  56 132  38  75  85 160   3  76 159  48  13 187 118  32 102  40 186   8 147  73  77  53 151   9 104 180  63  80  42 111   4  44  25  62 125 155  96 116 167 119  72  91  87 123  28  43  51  58 200  35 188  20  65  14 161  12 182  88 179 146 109  78 170 184  89 126 197 192  82  79 143 152  57  84 190 189  90  15 183   7 130  69  10 198  74 166 120 133  17  47  36 108 122  19 177 121 135 136  18  64 172  41 106 194 174 145 178  59  66 140 131  16 139  49 154  37 149 129  46  61 164  22   2 191 138 127 114 117  67  23 165 157  34  54  33  60  93 124 101 169  71 115 175 196 113 153 137 156  50 148  52   1  81  39 195  24  92 144 112 181
 106    7.290000  12860  12860      98 134 160 145 157 121 117 152 142 195 191 190 137 181  88 101 140   4  44  60 180  78 198 163 158 119  54  23  35 171 151  84  17 115  53 122  38  97 107 200  37 128  72 139 192  87  58  71  85  80 196  67 110 154 175  59  12  34  32 177 173   3 103 123 167  74  19  89 159 108  49 185  22 172  46  69 125  66 174  70  56 114 165   7  47  13  36 147 133 113 169 153 193  41 135 199 143  26 130 100  48 111  28 120 161   8 166  91 188 124 105  24  63  73 131 186  25  65  94 144 179 118  50  79 189  51   2 106  43 149  55 132 194  16 146  18 156  21 127  83   5 138  30 136 109  64 164   6  75 112  14 104 182  40  96  42 197  62  27 168 129  45 155  92  82  90  29  10  57  81 141  39 170  68 176 102 187 162 126  15  95 184 148  77 178  52  31 183   9  61 116  20  33  99  86  11   1  93  76 150
 107    6.678000  13079  13079     200 137  65 168  89   2 190 109  23  99 116 175 140 126 146  66 117 161  10   9  86  59  29 163 124  44 199  12 131 182  18 149  27  80  68 147 193  35 159 164 173  77 181  75  64 138  74  14  40  85 110 134  72 166  98  20 100   6 101 136  47  32 184  96 153 125  76 141 130 143  19  94 165 162 167 111  51 154  83 194 114 102  67  56  38  11  42  58 129 148 169  78 176  37  57 183 144 180  95 197 157 198  53  81  93 145 191 107 128   8  61 177  82 118 185  52 127  24 171  88 151  84 133  60  73  31 152  17 188 135  39  54  36  55 178  90 112 158  79  25  15 156  62 119 150   7 172 174 160  70   4  33 155  49  91 113 123  69 187  87  63 142 186   1  45   3 122  50 105  41 195 103  46 115  21 106 196 189  26  13  92  71   5 104 121  16  48 179  34  22  30 139  43 108  28 170 192 132  97 120
 108    6.455000  12940  12940     136  52 119 105 192  31 114  61  39  11 111 164 199 200  76 104 191  90  26  67  29  10  30  32 155  94   6 112  93  44  73 176 115  63 182  68 126 102 194  95 193  49 124 123 106 121  58 161  91  83  97  71  74   7 146  28 133 137 157 170  20 198 132  38  24 174 148 197  21  89 131  53 129  47 153 145  92   8  75 187 140  87  42 117   2  96 142  43  17  88  12 113 139 120 147  86 103 149 135 107 188 169 195  41 181 166  13 100  15  56 101  34  77 177 118  85 159 158  98  40 162  46 185  59 154  72  23 110 138 189  45  62  57 173 167  55  18  84 180 172  81 184  64 134 175  82 190  80 163 165  19 130  27 143  37 179  14 116  33  99 171  78   1  66  50 186  60 150 178 127 108  54  48 183   3  79 151  69 141 125 144  25   5  35 160 152   9 122  65 196  51 168   4 128 156  16  36  22 109  70
 109    6.913000  13005  13005     190  10 199 166  70  25 151  55  74 148  37  88  69  32 177 153 106  54 100  19 132  29  61  50  23 130  72 184 175  71 116  36 101  17  38  64  77 185 154  21 149  57  91 168 145 146  39 127 136  42 123 170 191  86  80 109  75  93 196  96 111   4  66  41 138  79 163 103 125  45  28 176 107  68  44  81  43  15 162  53 194  62  90 181  31  59 155 179 183  52  27  97 112  12   9 171 187 118  47  35 200  60 188 195 104 182  82 164 157  33 137  13 126 114 167 169 142  95 143 150 129  48 133 139  56   7 105 159  49  40 189  26 119 102 193 178  63 140 128  85 174 115   5 158 161 198  51 156 121 134  83 186  78  24  67   3  46 108  76  94   6  11 120 141  34  73  99 131 172  89 147 124 122  30 144 173  87 152 110  65 197  98 165  16  18   2 192  92  14  22 160   1 180  84 117 135  58 113  20   8
 110    6.943000  13484  13484     196 130 132 162  15  50 120  47  12  32 142 116  59 160 151 131 189  42 139  77 159 127   7  25  19  86  60  34 124 145  68 157 149 121 103  10 161 135 117  31 166 144 104 199 188  83 153 146 168 190   9 133 155 191  64   3  27  53  45 183  51  48  72 106 156 179 122 140  46 125 171  98  93  89 192 128 186 187 114  37  40 194 167 165 185  39 102  24 109  20  54 173 119  96  30  17 184  82 105 148   5 110 193 176  36 129 152  78 170  99  63  33  58  41 138  80  92 136 143  61  73  79 137 107 195  74  57  44 158 147  87  69  90 200  66   2  43  11 134  71  81 108 178 115  52 111  23 181  88 123 113  28  67  97  62 118  35  26   4  29  56 177 164  85 101  55  18  95 163 126 175  91  65 100 180  14   8  49   1   6 169  13  76 150 198  38 154 172 112  21 182 174  22  70 197  84  94  75 141  16
 111   17.355000  28709  28709     485 215 192 128 350  53 216 181 496 491   5 183  58 447 159 379 263 112 315  16 312 314 411 451 167 475 341  79  10 231 295 124 431 116 476 395 261 452 110  24 242 208 160 101   9 377 324 225 145 388 298  88 374 307 288 241  90 398 248 369 392 469 285 302  62  22 189 198 268 184 143  91 455 440 151 267 467 449 257 280 171 256 381 212  36  13 461 133 418 227 131 157 344 402   2 378 246  96 274  43 233 276  49 436 114 356 347  29 442 336 438 213  68 406 337 470 286 193  28 494  14 163 161 495  47 218 427 360 408 423 229 443 448  83 316 359  17 345 328 172 154 144  34 214 384  23 296  99 497 439 354 232 365 210 289  69 129 182 309 299 499 221 264 372 149 120 480  76 472 416  86 127  48 490 270 209 370   1 186 339 217  66  59 498 148 121 425 319 111 169  92 104 311 493  87 252 474 224 152 396 362 358  35 243  98  41  25 433 457  11  44 107   6  97 479 303 176 201 409 371 421  56 460 410  31 492  78 166 100  74  37 326 301 297 283 363 258 206 484  51 202  46 367 203 275 150 254 500 465 195 355 141 253 404 250 313 220 397   7 394 375 386 334   8 200 117 235 199 478 272 179 165 178 271 464 333 207  93 177 146 351 454 487 446 180 486  89  50 197 435 236 383 281  60 168 132 260 353 130 292 153 346  81 483 105 488 136  82 265 175 419 348  52 441   4 277  80  30 155 387 342 190 310  12 343 142 279 102 219 426 322 405  57 368 352 415 458 240 432 473 109 173 332 247 429 444 196  38 477  63 135 174 255 385 330 453 471 251 361 308 459  65 123  61 450 466 414 187 376 164 290  85 188 320 428 373  26 338 222 134 380 230 211 293  42 349 122 147 238 329 305 223 412 140  95 119 335 304 456  15 401 462 294 366 327  67 323 259  19 407 273 113 191  54 325 382 331 170 393 139 103  75 434 125 390 156 204 137 126 226 249 403  27 138   3  73 284 463  64 340 234 237 269 445  77 482  45 481 317 437 108 489 239  21 266  18  70  72 162 278 185 400 205 364 291 318 262  32 245 420  20 391 282 118  40 413  39 468  94  55 106 115 287 357 228 422  71 417 194 424  84 300 158 389 321  33 399 306 244 430
 112   19.396999  29981  29981     253 442 224 172 498  47 274 169 338 472  93  55 197 171 150   8 252 106  48 490 244 181 140 279 214 120 365 305 162 415 395  32 139 350 311  42 332 362 318 159 403 482 378 471 134 446 257 351  50 230 412 444 421 196 271 215 449 343 456  62  90 288 355 454   4 282 133  57 164 299 488 276 103 213 291 265  76 463  88 334 376 101 148 399 401 173  70 256 280 269 464 333 297 324 186 204 377  73 364 174 388 363 287 479 319  81 168 222  34 166 407 411  18 258  46  49 428  91 308 125 116 177  74 145 335 146 352 430 386 301 468  40  69  83  12 390 381 149 306 303  45 200 427  21 500 126 231 315  71 368 483 419 441 326 354  53 341 105   6 122 121 465 157 112 495 424   7  79 358 114  61 135 486 228 360 327  58 119 117 151 203  15 361 440 298 453  43 278 165 100 241  66 450  85 245  59  10 476 249  25 132 347 353 273   9 304 331 250  92 216 417 394 379 188 272 243 220 156 152 219 426 497  14 396 118 477 285 470  68 240 183 400  94 266 345 246 283 209 321  72 356 239 137 329 494  22 469  23 154 366 330 460  37 462  98 374 325 372  41 226 489 264 259 491 389   3 425  16 158 195 167 263 402 391 474   1 294 201   2 397 383 385 342 393 234 185 155 455 131 275 349 370 225 340 459 281  13 317 369  96 217 344 480 499 295 384 192 448  89 115 255 467 437 292 189 260 238  29 320 367 251 128 346 357 413  11  86 310 286 328 436 485 247 136 277 108  17 451 187 290 227 443 359 221 147 439 492 392 296 302 284 210 190 268 110 235 416 422 406 445 198 336 312 382 144 107 380 457  65 130 233 104 194 405 218 124 236   5 373 337 375 300 142 138  99 478 487 223 248 176 404  30 208 129 434  97 322  54 123 398 182 409 179  52 475 438 313  87  60 254 410 202 496  31 113 414 153 423  78 418 175 207  39  84 111 493 206 452  67 433 242  77 314 160 420 289 141 435 191  80 178 170 211 180 270 447 458 461 339 429  51 229  19 408 267  38 232 309 102 466 431 237  24 323 205  20  95 143 481 387  33 199  75 193 109 316 261 293 163  56  28 307 212  26 348 161 371 262 484  35 184  64 432  36 473  27  82 127  44  63
 113   17.924999  29271  29271     162 329 361  89  71 419 185 456 279 127 163 393  31  27  90  72 482 492 244 431 210 151 117  81 136  21 340 497 261 466 423 225 389 396 292 211 491 259   9  44 351 481  38 158 490 190  46 247 443  56 398 451 111 435 464  99 100  91 378 290  50 425 197 207  12  55 424 344 496 227 238 402 494 379 483 233 170 385 184  11 499 308 365 260  52  83 209 448 433 152 285 487 375  43  19 366 286 147 369 159 313 473 388 120 467 460 266 421 339 155 315  64  63  22 305 192 115  86 245 235  37 275 249  80 314 384 174  87 434 333  65  45 122 356 226   3 363 171  54  24 446 219 144 485  95 113 372  47  82 335 181 142 215   8 429 312 302 204 258 355 229 223 455  76 131 309 138  70 342 471 135 187 349 291 272  10   4 462 118  33  34 139 367 498 354 463 299 191 182 500 318 203  67 409 328 161 121 294 173  26 307 414 264 110  20 200 234 156 102 132 430 109 452 119  92 406  40 390 470 194  23 495 256 320 195 306 157 278 417  18   1 444 468  98 438 476 382 250 240 105  78  61 114 461 202 439 224 399 220  53 221 216 107 453 283 484 180 172  15  25 298 322 148 236 359 394 265 146  68 371 403 134 381 426 489 458 267  94 188  36  14 270 177 404 326 420 108 137 392 241  79 280 405  35 213 189 348 411 358 374 477  97  39 206 254 271 130 246 415 129 239 427 400 474 486 353 154 325 449 338  88   7  17  62 493 222 301  59 334 331 336 319 124  69 370 252  96  48  73 175 407 289 332 441 153  75 104  30 447 228 412   5 242 218 311 437 410 422 268 341  60 212 352 303 149 179 416 297 457 401 364  84 316 327 193   2 293 282 262 408 324 330 237 380 395 450 214 217 373 183 178 436 205 106 269 248 377 125 350 368 150 428 383 300 478 321  51 391 296 480 165 143 337 116 145  13 273 141 310 167  85 281 288  42 346 126 317 112 445 123 413 176 276 208 101 230 168 376  93 169 160  66 397  16 442 440 199 465 166 347 287 357 231 186 128 251 284 232 243 253 345 263  57 257 479 323 196   6 140 198 164  29 133 360 304 343  41 386 277 362  32 201 274 418  58  74 103  49 387 295 255  28 454 459 488 469 472 432  77 475
 114   17.974001  29631  29631     479 456 381   1 151 203 407 191 148 344 268 117 270 434 158 392  40 110  22 442 343 142 103  11  85 133  93 325 413 278 363 293 359 491 276 437  41 467 283 223  44 391 113 376 184 169 198  57  73 426 330  66 371 358 139  78 296 383 461  32 244 432 446 398 468 481 301 375 195 498 194 406 118 185  31 331  89 471 420 366 372 224 127 171 114 399 395 277  56 211 484  34 190 273 150  27 443 197  19 238 332 285  48 231 174 226 412 120  71  30 292 234 165 342 386 245 300 146 258 265   4 157 154 500 170 490   2 353 124  58 212 275 235 496 220 393 321 147 416 199 303 135 466 356 302 396 394 210 408 161 360 459  88 324 144 316   9 282 380 482  50 254  77 454 128 410  86 312  54 216  83  72 448 143 264 109 431 368  14 162 320 355 314 178 430 474 338 424 177 288 404 129  52 425 387 172  37 131 155 455 237 323 241  59 247 233  43  13 450  67  69 352 306 308 349 119  70 257  65 204 290  80   6  24  33 105 130 242 202 436 250  12 472 326  81 208 486 201 281 422 221 337  47 123 232 499 340 477 287 465 310 229 108 362 256 319 469  45 205 176 251 196 209 369 483  94  96  16  76 156 305 255  18 104  63 418 494 445 217  20  55 181 347 313 377 236 207 462 409 478 215 261 218 164 167 401 405  10 298 214 329 423 149 421 239 365 457 304 125 429 441 374 111 225 188  36  29 451 134  15 415 417 249 297 152 438  23 140  79 213  62 272 315  87 193  60 100  95 116 382 447  84 230  91 435 357 153 200  35  49  53 284 189 452 279 497 473 384 102 475 354  75 488 464 263 309   8 336 136 311 427  92 271 493  25 222 449 411 318 182 280 400 187   3 267 397 173 179 107 348 166 291 180 470 385 339  26  17 252 260 333 419 492 463 168 121 485 378 228 341 433 458 440 295  21 175 206 163 115 444 361 192 269 439  82 335 289 367 327 317 487 364 138   7  90 299 495 322 141 227 379  68 351 389 112  28  99 145  74 253 370 390 219  39 186 259 122 248 274  38  51 243 480 160 137  64 294 132 286  98 159 428 350 183 402  61 106 266 328  97 489 240 453  42 101 334 126 346 262 476 414 345 388 373  46 246   5 307 403 460
 115   17.260000  28881  28881      84 226 271 102  36 448  81  95  63 379 390 480 444 266 281 299 114 496  57 137 433 391 475 326  32 340 483 240 207 361 411 246 355 217 316  94 144  66 402 172 322 283 100 409 107  93 237 447 360   3 274 334 439   1 468 183 124 466 235 197 482 333 443 412 349 256  43 388 105 289 354 463 139 427 136  65 288 399 298  82  18 130 117 415 145 103 189 221 357 395 473 469 440 267 413 396 464 401 317  59 224 196 202 359  46 321 327 253 362   8 157 178 231 280 295 143 110  89 330 205 131 225  91 210  85 121  49 244  20 206 120 268 115 318 292 309 491 187 370 474 311 371 278 423  14 374 315 492 499 276 193 331 420 296 446  53 159  67 140 173 134 350 382 365   2 163  56 191 261  28 165  13 417  75 403 119  98 328 168  41 229 192 425 352  74 228 297 203 387 211 248  37 286 346 434 167 138 106   5 386 127 255 366  22  30  44  97 314 180 384  73 208 174 471  35 339  61 219 435  87 337 310 456   7 239 156 132 465 416 392  80 477 419 426 479 367 378  21 160 122  55 101 257 232 245  58 410 128 200 470 358 436 394 209  25  10 135 453 455 293 338  47 262 155 454 442 185 154 381 385 109 364 234 142 335 368 377 199 290 222 441  27 404 324 158 383 300 461 494 218 356 457  40  79 487 438 258 353  50 336 301 437 408 111 212 422  92 414 332 164  77 170 458 459  90 238  72 291 460 488 307  64 363  62 389 186 452 306 141 495 323  16   9 251 418 150 285 270 181 171 345 431  78 406 284  38 485 472 147 125 216  88  51 123 432 260 430 380 304  70 252 498 372 152 476 176 481 129 445 220 182  68 272 104  33 233  86 194 133 250 490 302 493  96 161  83 242 175 451 151  19 287 400 112 162  24 204 325 166 342 153 320 398  39 421   6 449 195 277 249 489  26 429  34  48 273 305 230 188 376 236 126 467 478   4 279  17 213 198 369 263 177  12 303 450 407 259 215 294  76 319 313 113 243  31  45 484 241 227 375 373 254 247 275 148  60 118 223 397 201 486 341  52  11 308 179 190 214 428  54  23 462 343 405 264 424 116 146 393  42 344 500 169 312 108 269  71 329 265 347  69 348 149 282 497 351 184  29  99  15
 116   17.146000  28882  28882     369  80 156 154 312 476 108  63  12 263 285 288 193 495  84 231 490 388  14  89 402  26  37 470  94 468 196 203 424 296 393 277 325 451 471  13 400 428 155  24 348 479 491 235 456 498 230 137 447 363 177  20  91 362 197 133 315 353 104 247  59 178 172 301 183 489  17  25 326 294  33 220 225 233  39 141 500 300 207 332 450 439  44 358 316 396  38 131 405 138 445 119 134 335 249 280 179 274 307 168 352 268 273 205  40 282  75 258 487  51 109 475  43  11 147 411 377 145 174  64 194 430 309 342  62 320  95  61 118 222 361 472 465 291 173 186 473 110 426 165 127 257 206   4 261 157 415 478 431 442 397 252 107  19   2 275  42 126 417  86  31 452  45 412 143   8 313 497 208 308 139 100 372 238 420 269   7 242 199 232  10 494 184 441 276 243  73 350 251 181 212 102 423 164  97 250  34 318 103 454 314 422 302 130 290 185 227 305  81 374 392 113 121 122 373 421 391 460 292  50 385 303 159 480  36 432 201 187 334 136 410 105 341 466  88 166 382  66 425 198 146 271 239  15 354 444 449 408  90 129 453  93 493 436 226 266  74 376 215 270 189 435 409 349 228 499 386 272 265 418 328 202 180 481 244 486 267 474 128  48 106 124 311 338 331  56  96 221 190 378  57 462 217 278  49 359 434 170  76  55 115  99 403 322 404 192 151 355 360 414 440 375 237 161 343 371 120 132 446 406 236 345 351 211 245 264  53 171 253 317 246 162  72 200  68  47  35 477 150 387 344 256 330 365 116 281  32 458 383 413  29 394 287 142   3   6 214 204  65 175 293 140 370 195 114 112  30  77 366  22 433 248  87 427 488 213 379  54  21  79 467 169 306 135  27   5 255 297 191 336 337 459 304  82 485 152  23 144  69 356 319 339 390 218  58 289 160 125 407 234 381 210 321 484 496 163 327 482 438 286  70 329 259  85 364 401  41 223  46 216 260 182  71  78 399 279  52 429 262 416 148  28 111 347 367 240  18 455  92  67  60 101 464 463 188 437 299   1 461 219 324 310 241   9 158 209 389 483 333 380 340 443 224 167 117 176  83 298 368 283 395  16 398 469 419 492 284 448 153 346  98 357 384 229 295 457 323 149 254 123
 117   18.791000  29230  29230     464 322 112  57 472 185 312 344 278 444 252 303 320 237  95 219 326  22 241 242 360 295 216  98 448 142 203 116 251 447 141 434 182  93 113 401 379 376 462 473 422 486  11 243  44 319 145 388 451 377 140 416 350 187 454 378 296 412  64 178 310 254 352 115  68  17 375 263 228 210 217 316  94 398 194 491  85 406   7 152 265 438 155  48 415 432 106 391 291 356 287 337 305  54  89 104  97  69 177 107 281 494 330   3 285 369 276 340 169 459 136 499  31 277 408 299 482 455 437 231 321 150 420 351 212 102 490 174 144   2 452 151 290 349 292 483 471 128 173 470  33 117 488 256 157 266 261 445  71 336  20 253 166  43 137 466 264 196  34 481 134  39 233 309 180  27  30 127 132 400 114 120 460  50  24 111 417 286 239 183 367  61 100 227 229 361 218 184 461  92  25 457 139 109  86 189 206 409 191 467 224 125 149 362  29 463 208  76 327 317  42 442  40 297 245 255 392  66 221 318 428  65  19  83  99 288 478  72 487 370 443 314  12 275 108 164 274 372 250 130   1 167 329  87 215 207 414 148 498  74 485 211 311 246 129  59 147 131 389  41 271 159 468 333 101 124 220 341 204 424 199 449 294 383 235  55 186 399 435 143 394 411  75 240 280 374 181 262 269 158 160   9  32 146 354 497 338 342  21 404 272 413  15 209 118 425 153 368  28 480  53  67 348  63 402 475 492 380 193  46  91 302 395 429  58 308 198 126 258  81  23 347 393 268 440 133 365 433  47 450 192 179 489 225 373 331 397 328 197  36 446  77 214   4 202  56 323 458 226  38 293 200 154 123 421  35 371 426 474 403  37 418 175 304 453 205  10 439  79 273 103 364  52 366 284 430  90  73 335  82 476 315 359 382 300 236 222 172  14 496 334 357 270 176 358 279 249 495 339 121 346 110 105 441 135 405 223 170 419 343 282 477 484  51 138 387 396  84 238 325   6 188 232 234 168  80 163 156 289  26 201 313 465 247 493 306 381 267 161 345 500  45 248 423  13  49 165 171 307  18 353 386   5 119 332 427 301 407 213 195 324 410  78 257 390 122  70 260 283 162 456 230 431  88 436 259 298   8  60 384 479  16 385 363 244 190  62  96 355 469
 118   17.555000  29023  29023       6  84 372 485 478 453 437 447 113  94 401  85 199 237 432 159 304 457 494 170 429 268 377  72 201 382 138 189 461 191 194 121  89 337 306 129 408 488 392 103 243 230 127 424  37 225  52 112  23 403  27 367 273  17 228 355  77 259  45 336 322 414 391 148 428 292  95 198  49 222 220  10 152 240 371 423  13 334 264 285 456 462 105 288 241 300 451 464 279  56  83 475   7 172 145 287 277 116 378 232  78 343 438 474 467 333 180 244 431 283 258 448 186 147 384  14 118 272 261 359 345 335  20  33 203  66 282 227 296 156 210 357  47   8 422  87 204 192  88  42 441 213 466 205 150  98 132 434 314 207  67 319  71 347 231 107  32 183 293 193 166 341 332 299 458 360 479  28  40 202 275 235 454 128   1 415 411 276  99 137 472 484 463 406 301 323  96 342   2   3 349  70 122 139 108 267 480 308 125  68 368 234 393 395 477 171 157 405 436 216 307 427 298 394 481 310 155  81 245  50 239  44 176 289  30 487 162 444 443 383 476 348 101  25 144  82 297 182 167  79  22 497 154 469 294  31 280 141 396  12 271 284 175  63 388  74  34 158 119 455 179 329 124  21 100 398 370 331 104 117 326   9 386 500 123 327 440 251 410  91 305 151  18 178 212 318 249  51 325 315  90 255 490 133 404 211  59 473  58 492 208 278 114 387 328 168 266 499 373 413 110 161 340 338 354  19 217 265 389 483 223  36 236 471 375   5 379 330 200 498 445 361 187 115 142  64  61 376 452  60 317 399 196 417 274 215  93 364 140 195  92 173 295 229 131 164 163 181 302 238 224 291  43 407 184 109 493  11 111 269 190 134 262  65 460 250 450  24 246 435  26  62 309 362 209  15 380 106  53  86  57 433 197 353 257  39  75 135 374 421 247 149 358 390 169 256 260 495 254 126 486  69 316  48  80 321 468 400 369 365 416 442 482 419 339 363 226  54 449 397 253 381 177 185 351 320 350  76 281 214 248 165 188 312 136 459 218 311 418 130 470 290 303   4 439 446 206  41 352 425 233  29 221  97 409 270 143 346 366 174  38 402 263 153 242  73 426 146 496 102  16 120 252 430 344  55 491  46 385 412  35 160 313 489 286 420 324 219 356 465
 119   17.337000  28735  28735     355 250  40 475  36 316 350 367 364 445 177 493 199 237 274 392 395 378  49  83 156 252  28 178  76 215 500 356 277 335  20 260 385 322   7 220 424  21 104  38 261 409 374 405 308 135 330 291 189 458 182 232 310 431 284 283  64 307 357 224 106 399 191 227 200 345  31 187 309 297 461 339 196  33  57  13 228   8 145 229 343 127  18 428 118  11 256 172  12 383 134 143 214 278 354  63 270  39 448 359 129 411  92 249 263  70 183  86 407 421 209 131  45 349 457  95 319 304 314  46  58 112  91 449 248 348 365 206  61 305 162 218 241 171 482  42  98 470 157 262 466 381 154 453 327 282 176 238  44 384 258 462 223  27  22 292 353 465 149 369 124 255 396 230 426 373 173 101 331 446 193  67  88 347 301 235 420 459 417 293 186  35 451  85 272 441 329 498 332 271 485  80 342 136 413 484 414 153 487  68 242 138 137 477 497  62 456 195 239 219 313 159 401 192 394  97 416 240 436 358 337  24 491 315 328 450 122 268 341 318 128 273 216 438  84  55 117 412 151 222 476 254  87  50 207 439 486 432  59 495 478 103 422 251 434 295 298  75  82 202 185 400 393  96 333 234 155 386 317 266 133   4 479 306 311 455 496  54 158  41  34 123 469  10 170   6 116 463 174 468  66 489 233  69 132 370 188 279 108 269 243 114 140 204 302 100 221 179 389 474 303 281 398 423 499 480   2 490 286  73  29   5 360  16 102 296  26 184 472 299 236 443  78 372 190 390 402 387 244 321 253 247 336 435  81 488 168   9 147 290 375  93  56  14 161 246  48 146 180 352 324  37 430 280  74  99 312 427 334  19 212 397  52 323 471 107 433 217 382  51 148 110 404 257 130 300   1 437 376 165  15 444 403 326 418 164 213 294 150 198 452 265 194 264 419 366  25 410 361 473 126 406 338 141 208  89 225 415 481 454 467  90 460 152  23 289  32  77 245  71 166 447 380  43 210 288 494 425 211 105 320  94 169 325 121  47 442 440 115 119 276  17 377 363   3 287 351 160 344 205 379 203  72 144 371 142 464 368 226 285 175  60 167 139 408 231 340 267  30  65 429 391 163 120 362 483 181 111 388 125 346  53  79 109 197 275 113 259 201 492
 120   17.485001  29000  29000     339 226 370 199 245  85 131 107 406   9 137 146  47 230 183 115 106 485 316  54 111 346 486   4  84 292 421 445  38 283 447 127 360 225 219 398 244 150 112 262  44 266 321 412 379  61 487 284 246 357 413  72 375 377 394  12  34 297 410 257 333  24 323 326 167 120  13   5 390 261 277 426 149 171 497 270  16 256   1 431 488 170 221 210 193 217 169 480 276 215 109 364  69  55 440 389 311 176 249 315 282 213 214 446 201  51 125  79 128 142  37 365 114 148  43 456 453 428 359 242  17 259 415   7 438 454  91 458 436 306  95  11 388 407 273 155  45 317 248 442 363 328 181 196 405 172 416 302 136 372 470 258 278 247  96 188 130 327 195 235 420 423 404 143  22 252  63 138 174 233  66 380  40 251 108 314  20 392 341 435 288 204 498 450  31 499  42 305 344  39 455  80 254 177 205 403 139 345  59 190 173 123 243  67 347  10  52 300  58  56 151  49 434 465 425 275 340 451 393 373  99 299 124 374 382 157 271  98  60 223 285 335  77  57  35 401 307 331 481 408 286 474 391 461  76 298 237 295 279 132 409 449 385 185 162 232 354  27  97 483 494 101 318 471 234 343 495 236 216  83 358  90 319 418 383 144 422  93 432 290 324 178   8 281  28   2 491  89   6 203 427 337 147 448 334 222 161  36 253 267  30  23 356 165 430 198 368 102 118 175 303 166 457 163 154 104  88  21  65 349 400 141 122  75 482 153 325 269 320 117  82  87 443 228 395 231 444 159 463 227  41 135 361 350 110 441  78  14 378 313 304 384 353 469 478 265 164 362 490 381 484 168 329 500  64 467 207 475 105 336 206 264 296 121  74 119  19 145 411 332 140 476  29 466 133   3 189 156 429 180 238 186 134 220 268 197 399 294 212 100 113  33 322 492 179 369 301 459 366  71  46 310 191 417 211 433 312  18  50 224 293 386 208 209 496 308 355 194  53  70 419 342 287 103 414  73 330 473 160 397 472 260 289 493 250 274 129 402  32 240 126 437  48 452 489 192 367  68  92 348 464 352 280  86 479 460 200  94 439 396 371 255 229 263 468 187  81 158 462 424 182 351 291 218  15 152 272 116 309 184 376 239  26 338 202 477  25  62 387 241
