┌---------------┬---------------┬-----------┬-----------┬-------------------------------┐	
|	ile zad.	|	ile masz.	|	min c	|	max c	|	c dla algorytmu Johnsona	|
├---------------┼---------------┼-----------┼-----------┼-------------------------------┤
|		4		|		2		|	45		|	54		|			  45				|		
|		4		|		2		|	33 		|  	53		|			  33				|
|		4		|		2		|	41		|	46		|			  41				|
|		4		|		3		|	53		|	71		|			  60				|		
|		4		|		3		|	57		| 	78		|			  58				|
|		4		|		3		|	53		|	67		|			  59				|	
|		8		|		5		|	98 		|	139		|			  109				|							
|		8		|		5		|	113		|	160		|			  116				|
|		8		|		5		|	108		|	152		|			  109				|
|		10		|		5		|	121		|	188		|			  130				|	
|		10		|		5		|	120		|	184		|			  125				|
|		10		|		5		|	127		|	175		|			  131				|
└---------------┴---------------┴-----------┴-----------┴-------------------------------┘